c 0  -2.0 -4.0 0.0
s 1  -1.0 -4.0 0.0
t 2  0.0  -4.0 -90.0
s 3  1.0  -4.0 0.0
c 4  2.0  -4.0 90.0
s 5  -2.0 -3.0 90.0
s 6  0.0  -3.0 90.0
s 7  2.0  -3.0 90.0
t 8  -2.0 -2.0 180.0
s 9  -1.0 -2.0 0.0
t 10 0.0  -2.0 0.0
s 11 2.0  -2.0 90.0
s 12 -2.0 -1.0 90.0
s 13 0.0  -1.0 90.0
s 14 2.0  -1.0 90.0
t 15 -2.0 0.0  180.0
s 16 -1.0 0.0  0.0
x 17 0.0  0.0  0.0
s 18 1.0  0.0  0.0
t 19 2.0  0.0  0.0
s 20 -2.0 1.0  90.0
s 21 0.0  1.0  90.0
s 22 2.0  1.0  90.0
t 23 -2.0 2.0  180.0
s 24 -1.0 2.0  0.0
x 25 0.0  2.0  0.0
s 26 1.0  2.0  0.0
t 27 2.0  2.0  0.0
s 28 -2.0 3.0  90.0
s 29 0.0  3.0  90.0
s 30 2.0  3.0  90.0
c 31 -2.0 4.0  -90.0
s 32 -1.0 4.0  0.0
t 33 0.0  4.0  90.0
s 34 1.0  4.0  0.0
c 35 2.0  4.0  180.0
